4 4 4 4 4 4 4 4 4 4 4 4 4 4 4 4 4 4 4 4 4 4 4 4 4 4 4 4 4 4 4 4 4 4 4 4 4 4 4 4 4 4 4 4 4 4 4 4 4 4 
4 4 4 4 4 4 4 4 4 4 4 4 4 4 4 4 4 4 4 4 4 4 4 4 4 4 4 4 4 4 4 4 4 4 4 4 4 4 4 4 4 4 4 4 4 4 4 4 4 4 
4 4 4 4 4 4 4 4 4 4 4 4 4 4 4 4 4 4 4 4 0 2 2 2 2 2 0 4 4 4 4 4 4 4 4 4 4 4 4 4 4 4 4 4 4 4 4 4 4 4 
4 4 4 4 4 4 4 4 4 4 4 4 4 4 4 4 4 4 4 4 2 2 2 2 2 2 2 4 4 4 4 4 4 4 4 4 4 4 4 4 4 4 4 4 4 4 4 4 4 4 
4 4 4 4 4 4 4 4 4 4 4 4 4 4 4 4 4 4 4 4 2 2 2 2 2 2 2 4 4 4 4 4 4 4 4 4 4 4 4 4 4 4 4 4 4 4 4 4 4 4 
4 4 4 4 4 4 4 4 4 4 4 4 4 4 4 4 4 4 4 4 2 2 2 2 2 2 2 4 4 4 4 4 4 4 4 4 4 4 4 4 4 4 4 4 4 4 4 4 4 4 
4 4 4 4 4 4 4 4 1 1 1 1 1 4 4 4 4 4 4 4 4 2 2 2 2 2 4 4 4 4 4 4 4 4 4 4 4 4 4 4 4 4 4 4 4 4 4 4 4 4 
<<<<<<< HEAD
4 4 4 4 4 4 4 4 1 3 3 3 1 4 4 4 4 4 4 4 0 0 0 0 0 0 0 4 4 4 4 4 4 0 5 5 5 5 5 5 5 4 4 4 4 4 4 4 4 4 
=======
4 4 4 4 4 4 4 4 1 3 3 3 1 4 4 4 4 4 4 4 0 0 0 5 0 0 0 4 4 4 4 4 4 0 5 5 5 5 5 5 5 4 4 4 4 4 4 4 4 4 
>>>>>>> b4da4e74f0398286409019b779bdf6b9e406376b
4 4 4 4 4 4 4 4 1 3 3 3 1 4 4 4 4 4 4 4 4 0 0 0 0 0 4 4 4 4 4 4 4 4 5 5 5 5 5 5 5 5 4 4 4 4 4 4 4 4 
4 4 4 4 4 4 4 4 1 3 3 3 1 4 4 4 4 4 4 4 4 4 0 0 0 4 4 4 4 4 4 4 4 4 5 5 5 5 5 5 5 5 4 4 4 4 4 4 4 4 
4 4 4 4 4 4 4 4 1 3 3 3 1 4 4 4 4 4 4 4 4 4 4 5 4 4 4 4 4 4 4 4 4 4 5 5 5 5 5 5 5 5 4 4 4 4 4 4 4 4 
4 4 4 4 4 4 4 4 1 1 0 1 1 4 4 4 4 4 4 4 4 4 4 5 4 4 4 4 4 4 4 4 4 4 5 5 5 5 5 5 5 5 4 4 4 4 4 4 4 4 
4 4 4 4 4 4 4 4 4 4 0 4 4 4 4 4 4 4 4 4 4 4 4 5 4 4 4 4 4 4 4 4 4 4 4 5 5 5 5 5 5 4 4 4 4 4 4 4 4 4 
4 4 4 4 4 4 4 4 4 4 0 4 4 4 4 4 4 4 4 4 4 4 4 5 4 4 4 4 4 4 4 4 4 4 4 4 4 4 5 4 4 4 4 4 4 4 4 4 4 4 
4 4 4 4 4 4 4 4 4 4 0 4 4 4 4 4 4 4 4 4 4 4 4 5 4 4 4 4 4 4 4 4 4 4 4 4 4 4 5 4 4 4 4 4 4 4 4 4 4 4 
4 4 4 4 4 4 4 4 4 4 0 4 4 4 4 4 4 4 4 4 4 4 4 5 4 4 4 4 4 4 4 4 4 4 4 4 4 4 5 4 4 4 4 4 4 4 4 4 4 4 
4 4 4 4 4 4 4 4 0 0 0 4 4 4 4 4 4 4 4 4 4 4 4 5 4 4 4 4 4 4 4 4 4 4 4 4 4 4 5 4 4 4 4 4 4 4 4 4 4 4 
4 4 4 4 4 4 4 4 0 4 4 4 4 4 4 4 4 4 4 4 4 4 4 5 4 4 4 4 4 4 4 4 4 4 4 4 4 4 5 4 4 4 4 4 4 4 4 4 4 4 
4 4 4 4 4 4 4 4 0 4 4 4 4 4 4 4 4 4 4 4 4 4 0 5 0 4 4 4 4 4 4 4 4 4 4 4 5 5 5 4 4 4 4 4 4 4 4 4 4 4 
4 4 4 4 4 4 4 4 0 4 4 4 4 4 4 4 4 4 4 4 4 0 0 5 0 0 4 4 4 4 4 4 4 4 4 4 5 4 4 4 4 4 4 4 4 4 4 4 4 4 
4 4 4 4 4 4 4 4 0 4 4 4 4 4 4 4 4 4 4 4 0 0 0 5 0 0 0 4 4 4 4 4 4 4 4 5 5 4 4 4 4 4 4 4 4 4 4 4 4 4 
4 4 4 4 4 4 4 4 0 4 4 4 5 5 5 5 5 5 5 5 5 5 5 5 5 5 5 5 5 5 5 5 5 5 5 5 5 4 4 4 4 4 4 4 4 4 4 4 4 4 
4 4 4 4 4 4 4 4 0 4 4 4 0 4 4 4 4 4 4 4 0 0 0 5 0 0 0 4 4 4 4 4 4 4 4 4 5 4 4 4 4 4 4 4 4 4 4 4 4 4 
4 4 4 4 4 4 4 4 0 4 4 4 0 4 4 4 4 4 4 4 4 0 0 5 0 0 4 4 4 4 4 4 4 4 4 4 5 4 4 4 4 4 4 4 4 4 4 4 4 4 
4 4 4 4 4 4 4 4 0 4 4 4 0 4 4 4 4 4 4 4 4 4 0 5 0 4 4 4 4 4 4 4 4 4 4 4 5 4 4 4 4 4 4 4 4 4 4 4 4 4 
4 4 4 4 4 4 4 4 0 4 4 4 0 0 0 4 4 4 4 4 4 4 4 5 4 4 4 4 4 4 4 4 4 4 4 4 5 4 4 4 4 4 4 4 4 4 4 4 4 4 
4 4 4 4 4 4 4 4 0 4 4 4 4 4 0 4 4 4 4 4 4 4 4 5 4 4 4 4 4 4 4 4 4 4 4 4 5 4 4 4 4 4 4 4 4 4 4 4 4 4 
4 4 4 4 4 4 4 4 0 4 4 4 4 4 0 4 4 4 4 4 4 4 4 5 4 4 4 0 4 4 4 4 4 4 4 0 5 4 4 4 4 4 4 4 4 4 4 4 4 4 
4 4 4 4 4 4 4 4 0 4 4 4 4 4 0 4 4 4 4 4 4 4 4 5 4 4 4 4 4 4 0 4 4 4 4 4 5 4 4 4 4 4 4 4 4 4 4 4 4 4 
4 4 4 4 4 4 4 4 0 0 0 0 0 0 0 4 4 4 4 4 4 4 4 5 4 4 4 4 4 4 0 4 4 4 4 4 5 4 4 4 4 4 4 4 4 4 4 4 4 4 
4 4 4 4 4 4 4 4 0 0 0 0 0 0 0 4 4 4 4 4 4 4 4 5 4 4 4 4 4 4 4 4 4 4 4 4 0 4 4 4 4 4 4 4 4 4 4 4 4 4 
4 4 4 4 4 4 4 4 0 0 0 0 0 0 0 4 4 4 4 4 4 4 4 5 4 4 4 4 4 4 4 4 4 4 4 0 0 0 4 4 4 4 4 4 4 4 4 4 4 4 
4 4 4 4 4 4 4 4 0 0 0 0 0 0 0 4 4 4 4 4 4 4 4 5 4 4 4 4 4 4 4 4 4 4 4 0 0 0 4 4 4 4 4 4 4 4 4 4 4 4 
4 4 4 4 4 4 4 4 0 0 0 0 0 0 0 4 4 4 4 4 4 4 4 5 4 4 4 4 4 4 4 4 4 4 4 0 0 0 4 4 4 4 4 4 4 4 4 4 4 4 
4 4 4 4 4 4 4 4 0 0 0 0 0 0 0 4 4 4 4 4 4 4 4 5 4 4 4 4 4 4 4 4 4 4 4 0 0 0 4 4 4 4 4 4 4 4 4 4 4 4 
4 4 4 4 4 4 4 4 4 4 4 4 4 4 4 4 4 4 4 4 4 4 4 5 4 4 4 4 4 4 4 4 4 4 4 0 0 0 4 4 4 4 4 4 4 4 4 4 4 4 
4 4 4 4 4 4 4 4 4 4 4 4 4 4 4 4 4 4 4 0 0 0 0 0 0 0 0 4 4 4 4 4 4 4 0 0 0 0 0 4 4 4 4 4 4 4 4 4 4 4 
4 4 4 4 4 4 4 4 4 4 4 4 4 4 4 4 4 4 0 0 0 0 0 0 0 0 0 0 4 4 0 4 4 0 0 0 0 0 0 4 4 4 4 4 4 4 4 4 4 4 
4 4 4 4 4 4 4 4 4 4 4 4 4 4 4 4 4 4 0 0 0 0 0 0 0 0 0 0 4 4 4 4 0 0 0 0 0 0 0 4 4 4 4 4 4 4 4 4 4 4 
4 4 4 4 4 4 4 4 4 4 4 4 4 0 4 4 4 4 0 0 0 0 0 0 0 0 0 0 0 4 4 4 0 0 0 0 0 4 0 4 4 4 4 4 4 4 4 4 4 4 
4 4 4 4 4 4 4 4 4 4 4 4 4 4 4 4 4 4 0 0 0 0 0 0 0 0 0 0 0 0 0 0 0 0 4 0 0 0 0 4 4 4 4 4 4 4 4 4 4 4 
4 4 4 4 4 4 4 4 4 4 4 4 4 0 4 4 4 4 4 0 0 0 0 0 0 0 0 4 4 4 4 0 0 0 0 0 0 0 0 4 4 4 4 4 4 4 4 4 4 4 
4 4 4 4 4 4 4 4 4 4 4 4 4 4 4 4 4 4 4 4 0 0 0 0 0 0 4 4 4 4 4 0 0 4 0 0 4 0 0 4 4 4 4 4 4 4 4 4 4 4 
4 4 4 4 4 4 4 4 4 4 4 4 4 4 4 4 4 4 4 4 4 4 4 4 4 4 4 4 4 4 4 4 0 0 0 0 0 0 4 4 4 4 4 4 4 4 4 4 4 4 
4 4 4 4 4 4 4 4 4 4 4 4 4 4 4 4 4 4 4 4 4 4 4 4 4 4 4 4 4 4 4 4 4 4 4 4 4 4 4 4 4 4 4 4 4 4 4 4 4 4 
4 4 4 4 4 4 4 4 4 4 4 4 4 4 4 4 4 4 4 4 4 4 4 4 4 4 4 4 4 4 4 4 4 4 4 4 4 4 4 4 4 4 4 4 4 4 4 4 4 4 
4 4 4 4 4 4 4 4 4 4 4 4 4 4 4 4 4 4 4 4 4 4 4 4 4 4 4 4 4 4 4 4 4 4 4 4 4 4 4 4 4 4 4 4 4 4 4 4 4 4 
4 4 4 4 4 4 4 4 4 4 4 4 4 4 4 4 4 4 4 4 4 4 4 4 4 4 4 4 4 4 4 4 4 4 4 4 4 4 4 4 4 4 4 4 4 4 4 4 4 4 
4 4 4 4 4 4 4 4 4 4 4 4 4 4 4 4 4 4 4 4 4 4 4 4 4 4 4 4 4 4 4 4 4 4 4 4 4 4 4 4 4 4 4 4 4 4 4 4 4 4 
4 4 4 4 4 4 4 4 4 4 4 4 4 4 4 4 4 4 4 4 4 4 4 4 4 4 4 4 4 4 4 4 4 4 4 4 4 4 4 4 4 4 4 4 4 4 4 4 4 4 